null
Gunner
Fire Tower
Cannon
Energizer
0
1389
200
40
0
0
4
0
0
0
0
0
0
0
1
1
1
1
0
0
0
0
0
0
0
1
0
0
0
0
0
0
0
1
1
1
0
0
0
0
0
0
0
1
0
0
0
0
0
0
0
1
0
0
0
0
0
0
1
1
0
0
0
0
1
1
1
0
0
0
0
0
1
0
0
0
0
0
0
1
1
0
0
0
0
1
1
1
0
0
0
0
0
1
2
0
0
0
0
0
0
1
2
2
0
0
0
0
0
1
1
1
1
1
1
3
31
13.0
7.0
13.0
6.0
13.0
5.0
13.0
4.0
13.0
3.0
13.0
2.0
13.0
1.0
12.0
1.0
11.0
1.0
10.0
1.0
10.0
2.0
10.0
3.0
9.0
3.0
9.0
4.0
8.0
4.0
7.0
4.0
7.0
5.0
7.0
6.0
6.0
6.0
6.0
7.0
5.0
7.0
4.0
7.0
3.0
7.0
3.0
6.0
3.0
5.0
2.0
5.0
1.0
5.0
1.0
4.0
1.0
3.0
1.0
2.0
0.0
2.0
3
Gunner
12
2
2
4
4540
0
Fire Tower
12
3
3
1
4000
0
Cannon
11
2
1
3
3000
0
