null
Gunner
Fire Tower
Energizer
Cannon
2
1031
43
80
0
4
1
1
0
0
0
0
0
0
0
1
0
0
0
0
0
0
0
1
0
0
0
0
0
0
0
1
1
1
0
0
0
0
0
0
0
1
1
0
0
0
0
0
0
0
1
1
0
0
0
0
0
0
2
1
0
0
0
0
0
0
2
1
0
0
0
0
0
2
2
1
0
0
0
0
0
2
2
1
0
0
0
2
2
2
1
1
0
0
2
1
1
1
1
2
0
0
2
1
2
2
2
0
0
0
2
1
1
1
3
0
27
13.0
6.0
13.0
5.0
13.0
4.0
13.0
3.0
12.0
3.0
11.0
3.0
11.0
4.0
11.0
5.0
11.0
6.0
10.0
6.0
10.0
7.0
9.0
7.0
8.0
7.0
7.0
7.0
6.0
7.0
5.0
7.0
5.0
6.0
4.0
6.0
4.0
5.0
3.0
5.0
3.0
4.0
3.0
3.0
2.0
3.0
1.0
3.0
0.0
3.0
0.0
2.0
0.0
1.0
16
Cannon
10
3
1
4
6200
0
Cannon
8
5
4
2
6950
0
Cannon
10
4
2
4
6850
0
Cannon
10
5
2
4
6850
0
Fire Tower
12
4
2
4
6550
0
Gunner
12
5
2
4
4540
0
Gunner
13
2
1
4
4440
0
Gunner
9
5
1
4
4440
0
Gunner
11
7
1
4
4440
0
Gunner
9
6
1
4
4440
0
Gunner
12
6
1
4
4440
0
Gunner
6
6
1
4
4440
0
Gunner
7
6
1
4
4440
0
Gunner
8
6
1
4
4440
0
Gunner
11
2
1
4
4440
0
Gunner
12
2
1
4
4440
0
