null
Gunner
Energizer
Cannon
Fire Tower
2
1603
26
44
0
0
0
0
0
0
0
0
4
0
0
0
0
0
0
0
1
0
0
0
0
0
0
0
1
0
0
0
0
0
0
0
1
1
1
1
1
0
0
0
0
0
0
0
1
1
1
0
0
0
0
0
0
0
1
0
0
0
0
0
0
0
1
0
0
0
1
1
1
1
1
0
0
0
1
2
0
0
0
0
0
1
1
2
2
0
0
0
0
1
2
2
0
0
0
0
0
1
1
1
1
1
1
3
0
0
0
0
0
0
0
0
29
12.0
7.0
12.0
6.0
12.0
5.0
12.0
4.0
12.0
3.0
12.0
2.0
12.0
1.0
11.0
1.0
10.0
1.0
10.0
2.0
9.0
2.0
8.0
2.0
8.0
3.0
8.0
4.0
8.0
5.0
8.0
6.0
7.0
6.0
6.0
6.0
5.0
6.0
5.0
5.0
5.0
4.0
4.0
4.0
4.0
3.0
4.0
2.0
4.0
1.0
4.0
0.0
3.0
0.0
2.0
0.0
1.0
0.0
5
Gunner
10
3
2
4
4540
0
Fire Tower
11
3
3
1
4000
0
Fire Tower
11
2
1
3
2850
0
Cannon
10
4
0
2
1250
0
Energizer
9
3
0
1
950
0
